Forecast Report
MAE: 86684.87574083173
MAPE: 617.1469703867442
